1
3
WRFMSL
4
ncep_emc
v2003
local_tab_yes1
fcst
oper
fcst
fcst
hour
nws_ncep
ruc_fsl_isen_20km_40n
complex_packing_spatial_diff
2nd_ord_sptdiff
fltng_pnt
lossless
467
EDPARM_GTG_ON_SPEC_ALT_ABOVE_MEAN_SEA_LVL
?
1
tmpl4_0
EDPARM
?
?
spec_alt_above_mean_sea_lvl
0
?
51
30. 304. 609. 914. 1219. 1524. 1828. 2133. 2438. 2743. 3048. 3352. 3657. 3962. 4267. 4572. 4876. 5181. 5486. 5791. 6096. 6400. 6705. 7010. 7315. 7620. 7924. 8229. 8534. 8839. 9144. 9448. 9753. 10058. 10363. 10668. 10972. 11277. 11582. 11887. 12192. 12496. 12801. 13106. 13411. 13716. 14020. 14325. 14630. 14935. 15240
?
0
?
0
?
?
?
0
0.0
0
0.0
?
0
0.0
0
0.0
1
3.0
0
0
0
?
?
?
468
CAT_GTG_ON_SPEC_ALT_ABOVE_MEAN_SEA_LVL
?
1
tmpl4_0
CATEDR
?
?
spec_alt_above_mean_sea_lvl
0
?
51
30. 304. 609. 914. 1219. 1524. 1828. 2133. 2438. 2743. 3048. 3352. 3657. 3962. 4267. 4572. 4876. 5181. 5486. 5791. 6096. 6400. 6705. 7010. 7315. 7620. 7924. 8229. 8534. 8839. 9144. 9448. 9753. 10058. 10363. 10668. 10972. 11277. 11582. 11887. 12192. 12496. 12801. 13106. 13411. 13716. 14020. 14325. 14630. 14935. 15240
?
0
?
0
?
?
?
0
0.0
0
0.0
?
0
0.0
0
0.0
1
3.0
0
0
0
?
?
?
469
MWTURB_GTG_ON_SPEC_ALT_ABOVE_MEAN_SEA_LVL
?
1
tmpl4_0
MWTURB
?
?
spec_alt_above_mean_sea_lvl
0
?
51
30. 304. 609. 914. 1219. 1524. 1828. 2133. 2438. 2743. 3048. 3352. 3657. 3962. 4267. 4572. 4876. 5181. 5486. 5791. 6096. 6400. 6705. 7010. 7315. 7620. 7924. 8229. 8534. 8839. 9144. 9448. 9753. 10058. 10363. 10668. 10972. 11277. 11582. 11887. 12192. 12496. 12801. 13106. 13411. 13716. 14020. 14325. 14630. 14935. 15240
?
0
?
0
?
?
?
0
0.0
0
0.0
?
0
0.0
0
0.0
1
3.0
0
0
0
?
?
?
